map=[0,0;150,0;150,30;30,30;30,150;120,150;120,120;60,120;60,60;90,60;90,90;150,90;150,180;0,180];
map = [0,20;20,0;60,0;80,20;80,60;60,80;20,80;0,60];
map = [35,0;70,35;120,35;155,0;155,25;180,25;145,60;145,110;180,145;155,145;155,180;120,135;70,125;35,180;35,145;0,145;45,110;45,60;0,25;35,25];
